Random Matrix
Initial Matrix: 
 11.0000    4.0000    5.0000
  3.0000    8.0000    4.0000
  2.0000    5.0000   12.0000

Exact solution: [6, 1, 7]
Computed solution: [5.99999988369925, 1.0000000810356435, 6.999999985618607]

Jacob Matrix
Initial Matrix: 
 10.0000    0.5000    0.3333
  0.5000   10.0000    0.2500
  0.3333    0.2500   10.0000

Exact solution: [2, 9, 7]
Computed solution: [2.0000000000002665, 8.999999999999982, 6.999999999999991]

Random Matrix
Initial Matrix: 
 17.0000    2.0000    4.0000    4.0000    5.0000
  2.0000   18.0000    3.0000    3.0000    5.0000
  3.0000    2.0000   14.0000    3.0000    4.0000
  5.0000    4.0000    4.0000   17.0000    3.0000
  2.0000    1.0000    4.0000    3.0000   14.0000

Exact solution: [5, 2, 7, 6, 5]
Computed solution: [4.999999993329488, 1.999999995828905, 7.000000001013372, 6.000000003700954, 5.000000000168269]

Jacob Matrix
Initial Matrix: 
 10.0000    0.5000    0.3333    0.2500    0.2000
  0.5000   10.0000    0.2500    0.2000    0.1667
  0.3333    0.2500   10.0000    0.1667    0.1429
  0.2500    0.2000    0.1667   10.0000    0.1250
  0.2000    0.1667    0.1429    0.1250   10.0000

Exact solution: [9, 3, 4, 7, 9]
Computed solution: [9.00000000000012, 2.9999999999999893, 3.999999999999988, 6.999999999999995, 8.999999999999996]

Random Matrix
Initial Matrix: 
 26.0000    3.0000    1.0000    2.0000    1.0000    4.0000    5.0000    5.0000
  1.0000   25.0000    3.0000    5.0000    1.0000    4.0000    5.0000    3.0000
  1.0000    3.0000   24.0000    5.0000    3.0000    5.0000    2.0000    2.0000
  1.0000    4.0000    1.0000   22.0000    5.0000    1.0000    1.0000    4.0000
  4.0000    5.0000    4.0000    5.0000   26.0000    2.0000    1.0000    1.0000
  1.0000    5.0000    3.0000    3.0000    5.0000   27.0000    5.0000    3.0000
  2.0000    4.0000    1.0000    2.0000    1.0000    3.0000   15.0000    1.0000
  5.0000    2.0000    2.0000    2.0000    5.0000    5.0000    3.0000   29.0000

Exact solution: [9, 3, 5, 9, 3, 3, 3, 8]
Computed solution: [9.000000009062871, 3.0000000153433914, 4.999999999945577, 8.99999998819283, 2.9999999959058403, 2.9999999896596528, 2.999999997653865, 8.000000000928724]

Jacob Matrix
Initial Matrix: 
 10.0000    0.5000    0.3333    0.2500    0.2000    0.1667    0.1429    0.1250
  0.5000   10.0000    0.2500    0.2000    0.1667    0.1429    0.1250    0.1111
  0.3333    0.2500   10.0000    0.1667    0.1429    0.1250    0.1111    0.1000
  0.2500    0.2000    0.1667   10.0000    0.1250    0.1111    0.1000    0.0909
  0.2000    0.1667    0.1429    0.1250   10.0000    0.1000    0.0909    0.0833
  0.1667    0.1429    0.1250    0.1111    0.1000   10.0000    0.0833    0.0769
  0.1429    0.1250    0.1111    0.1000    0.0909    0.0833   10.0000    0.0714
  0.1250    0.1111    0.1000    0.0909    0.0833    0.0769    0.0714   10.0000

Exact solution: [8, 7, 4, 2, 2, 3, 7, 3]
Computed solution: [7.999999999998915, 6.99999999999955, 3.999999999999833, 1.9999999999999503, 1.9999999999999982, 3.0000000000000155, 7.000000000000021, 3.0000000000000204]

